fish_number,obstacle_number,treatment,BL,curvature,wavespeed,wavelength,TBF,headAmp,tailAmp,U,Re,St
1,0,intact,3,9.94407961969799,4.7475,0.6693975,7.09219858156028,0.189434,0.285876,0.125077574514997,3752.32723544992,0.486295653612716
2,0,intact,3.4,10.5780837395293,11.564,2.093084,5.52486187845304,0.1432172,0.27029,0.113547628639398,3860.61937373954,0.447148987528072
3,0,intact,3.8,5.43866829380065,2.96025,0.7163805,4.13223140495868,0.2013676,0.34832,0.0920953556260353,3499.62351378934,0.593893966327175
4,0,intact,3.3,15.21414758348,5.29107142857142,0.915355357142856,5.78034682080925,0.1599394,0.3171388,0.0988636498997583,3262.50044669203,0.611900172150244
5,0,intact,3.4,23.8604990358803,8.34117647058823,1.68491764705882,4.95049504950495,0.1366688,0.4208498,0.119835787449884,4074.41677329604,0.591109771612418
6,0,intact,4,7.49677353845397,2.4178947368421,0.56336947368421,4.29184549356223,0.155884,0.27354068,0.0791707517855905,3166.83007142362,0.593145477735692
7,0,intact,3.5,9.7529816009492,4.13607142857143,0.690723928571428,5.98802395209581,0.1307764,0.29148,0.123780372141228,4332.31302494299,0.493524310015738
1,2,intact,3.3,9.85300144067101,9.32166666666667,0.652516666666667,14.2857142857143,0.1620002,0.2683728,0.189386291276463,6249.74761212328,0.668045215213576
2,2,intact,3.5,8.34807062459014,10.3583333333333,0.714724999999999,14.4927536231884,0.0792444,0.253976,0.0724582948761576,2536.04032066552,1.77796629105459
3,2,intact,3.6,13.7041138465817,12.38625,1.1147625,11.1111111111111,0.1252116,0.2601968,0.0995874119489058,3585.14683016061,1.04509915423245
4,2,intact,3.9,18.0927572632125,8.6255,1.0781875,8,0.2553054,0.2357256,0.0894478362858155,3488.46561514681,0.822226565268665
5,2,intact,3.9,9.01780504374115,9.241875,0.841010625,10.989010989011,0.077957282,0.337168,0.121252153334461,4728.83398004398,1.19173612554312
7,2,intact,3.5,10.6378110446794,7.1875,0.6540625,10.989010989011,0.06302956,0.287956,0.0931107223731182,3258.87528305914,1.18946889111756
1,3,intact,4,9.24190726673452,7.39423076923077,1.16828846153846,6.32911392405063,0.1510904,0.2653018,0.0669334090223463,2677.33636089385,1.00346020977064
3,3,intact,3.2,8.37746306884983,15.9457142857143,1.35538571428571,11.7647058823529,0.2210968,0.218907,0.141021621938317,4512.69190202616,0.584392988295585
4,3,intact,3.2,10.0837784535789,10.07,0.71497,14.0845070422535,0.1491316,0.260768,0.128267406208534,4104.55699867308,0.916282966270821
5,3,intact,3.1,11.4841182588039,7.10071428571429,0.610661428571429,11.6279069767442,0.187411889,0.288322,0.134341347506102,4164.58177268917,0.773626476026625
6,3,intact,4.1,11.7056010711174,7.772,0.901552,8.62068965517241,0.18191,0.24590808,0.09458913992535,3878.15473693935,0.918877018705803
7,3,intact,3.5,8.55635389500808,6.37777777777778,0.669666666666667,9.52380952380952,0.06901,0.2179856,0.0615050556475849,2152.67694766547,1.18139664945608
1,4,intact,3.4,8.95076216753506,2.10875,0.21298375,9.9009900990099,0.119422,0.23529978,0.103746320120043,3527.37488408146,0.763495291582784
2,4,intact,3.3,21.8000160876463,9.81375,0.97156125,10.1010101010101,0.319716,0.2089884,0.0889465392104182,2935.2357939438,0.783198543961342
3,4,intact,3.5,8.28790525725142,11.8033333333333,0.81443,14.4927536231884,0.1023708,0.253658,0.122113022552044,4273.95578932153,1.05367223544433
4,4,intact,4,12.9339862001237,3.791875,0.3488525,10.8695652173913,0.0468872,0.2619708,0.16438440959359,6575.37638374358,0.692890208430865
5,4,intact,3.2,7.40008983606468,6.58785714285714,0.520440714285714,12.6582278481013,0.05379,0.27056,0.0838981980495198,2684.74233758463,1.30627268044478
6,4,intact,3.1,7.7106230831494,15.21625,1.399895,10.8695652173913,0.0670006,0.2919894,0.077560298878584,2404.36926523611,1.26853214893764
1,0,ablated,3.2,8.01198979122901,3.40500000000001,0.374550000000001,9.09090909090909,0.2309568,0.27559656,0.14040935142818,4493.09924570176,0.570998611643626
2,0,ablated,3.7,9.73108810073715,7.22566666666667,1.30062,5.55555555555556,0.052919382,0.251914,0.101388010513946,3751.35638901601,0.510734178131441
3,0,ablated,3.5,21.2588514049881,11.2557142857143,0.967991428571429,11.6279069767442,0.11452284,0.3929926,0.246672387405382,8633.53355918836,0.648385701048758
4,0,ablated,3.3,6.88075373101945,5.08625,1.2308725,4.13223140495868,0.1139494,0.324522,0.115730949253059,3819.12132535095,0.382378268610203
5,0,ablated,3.8,17.631120119942,,,4.8780487804878,0.3752824,0.4190912,0.167878175899086,6379.37068416525,0.462747451434535
6,0,ablated,4.9,6.03533502358486,3.65766666666667,0.673010666666667,5.43478260869565,0.1588294,0.1765498,0.0804560668016291,3942.34727327983,0.584368354269017
7,0,ablated,5,7.41890077022177,6.32153846153846,0.98616,6.41025641025641,0.1159122,0.23929,0.169712074033211,8485.60370166056,0.451915476594224
1,2,ablated,3.5,10.1576860751647,8.65,0.87365,9.9009900990099,0.0920974,0.247279,0.0577445766330455,2021.06018215659,1.48396174274173
2,2,ablated,4.9,10.5961454559229,6.72375,0.6589275,10.2040816326531,0.1304734,0.2386888,0.0923696206421902,4526.11141146732,1.29203085571068
3,2,ablated,4,8.04758788390135,10.1316666666667,1.124615,9.00900900900901,0.0529694,0.2106658,0.0665492836973374,2661.97134789349,1.14074261037675
4,2,ablated,5,8.09684921763801,8.39375,0.79740625,10.5263157894737,0.06875316,0.2958786,0.112418835682191,5620.94178410957,1.38522675495061
5,2,ablated,4.4,12.7297032028906,9.15625000000001,0.915625000000001,10,0.1234308,0.1999314,0.0496207470423479,2183.31286986331,1.77284344237953
6,2,ablated,4.3,9.44874132578346,8.056875,0.8056875,10,0.0563496,0.28179124,0.082173433579586,3533.4576439222,1.47456699716272
1,3,ablated,3.5,12.4527556456615,6.61687499999999,0.608752499999999,10.8695652173913,0.05299778,0.21667,0.124814265761658,4368.49930165804,0.660411723330006
2,3,ablated,4.3,20.5020234075307,15.6361111111111,1.62615555555556,9.61538461538461,0.0746928,0.364384,0.191125350743025,8218.39008195008,0.788272035316421
3,3,ablated,3.5,12.3805672060499,9.38500000000001,0.63818,14.7058823529412,0.1620592,0.283494,0.163194313194546,5711.80096180913,0.894124473797172
4,3,ablated,4.2,8.52222546262775,3.26874999999999,0.294187499999999,11.1111111111111,0.078834,0.16063547,0.123136143113111,5171.71801075066,0.60878323324187
5,3,ablated,4.5,13.0100414897554,13.194375,1.200688125,10.989010989011,0.0972968,0.3596966,0.128243338856946,5770.95024856256,1.38698778931013
7,3,ablated,4.5,8.49485663534544,9.03714285714286,0.732008571428572,12.3456790123457,0.0750398,0.1923152,0.140812015275174,6336.54068738284,0.758754695534952
1,4,ablated,4.1,9.49632552593803,6.28750000000001,0.471562500000001,13.3333333333333,0.1283112,0.2632388,0.249925748611111,10246.9556930556,0.575786521128923
3,4,ablated,3.9,8.69265812273849,1.4225,0.1009975,14.0845070422535,0.076588,0.527908,0.144964727272727,5653.62436363636,2.00033235158834
4,4,ablated,4.2,10.2482997475866,14.1544444444444,1.51452555555555,9.34579439252336,0.082408,0.259430092,0.114651963636364,4815.38247272727,0.888186903485794
5,4,ablated,4.9,4.99793928984357,6.87090909090908,0.886347272727272,7.75193798449612,0.079369,0.2380654,0.0465024570247934,2278.62039421488,1.94458418804508
7,4,ablated,4.7,9.97478761447026,8.95777777777778,0.985355555555556,9.09090909090909,0.0930324,0.300412,0.063420225,2980.750575,2.02392619303155
